(9, 0) - [(9, 1)]
(0, 0) - [(1, 0)]
(7, 6) - [(6, 6), (8, 6)]
(3, 4) - [(2, 4), (4, 4)]
(7, 0) - [(6, 0)]
(0, 6) - [(0, 7), (1, 6)]
(6, 2) - [(6, 3), (7, 2)]
(1, 0) - [(1, 1), (2, 0)]
(4, 6) - [(3, 6), (5, 6)]
(2, 6) - [(2, 7), (1, 6), (3, 6)]
(4, 9) - [(4, 8), (3, 9)]
(1, 8) - [(1, 9), (0, 8), (2, 8)]
(4, 4) - [(3, 4), (5, 4)]
(6, 8) - [(5, 8), (7, 8)]
(2, 9) - [(2, 8), (1, 9), (3, 9)]
(9, 2) - [(9, 3), (9, 1), (8, 2)]
(0, 9) - [(0, 8), (1, 9)]
(2, 1) - [(2, 2), (2, 0), (1, 1)]
(7, 8) - [(7, 9), (6, 8), (8, 8)]
(4, 2) - [(3, 2)]
(4, 0) - [(3, 0), (5, 0)]
(1, 3) - [(1, 4), (1, 2)]
(8, 3) - [(8, 4), (8, 2), (9, 3)]
(8, 6) - [(8, 5), (7, 6)]
(1, 9) - [(1, 8), (0, 9), (2, 9)]
(6, 0) - [(5, 0), (7, 0)]
(6, 3) - [(6, 4), (6, 2)]
(3, 2) - [(2, 2), (4, 2)]
(2, 2) - [(2, 1), (1, 2), (3, 2)]
(7, 2) - [(6, 2), (8, 2)]
(6, 6) - [(5, 6), (7, 6)]
(2, 0) - [(2, 1), (1, 0), (3, 0)]
(5, 8) - [(4, 8), (6, 8)]
(9, 8) - [(9, 9), (8, 8)]
(4, 8) - [(4, 9), (5, 8)]
(3, 6) - [(2, 6), (4, 6)]
(9, 3) - [(9, 2), (8, 3)]
(8, 2) - [(8, 3), (8, 1), (7, 2), (9, 2)]
(1, 2) - [(1, 3), (1, 1), (2, 2)]
(8, 4) - [(8, 5), (8, 3)]
(2, 8) - [(2, 9), (2, 7), (1, 8)]
(5, 4) - [(4, 4), (6, 4)]
(8, 8) - [(8, 9), (7, 8), (9, 8)]
(8, 5) - [(8, 6), (8, 4)]
(7, 9) - [(7, 8), (8, 9)]
(5, 0) - [(4, 0), (6, 0)]
(9, 1) - [(9, 2), (9, 0), (8, 1)]
(1, 1) - [(1, 2), (1, 0), (2, 1)]
(3, 9) - [(2, 9), (4, 9)]
(9, 9) - [(9, 8), (8, 9)]
(0, 8) - [(0, 9), (0, 7), (1, 8)]
(2, 7) - [(2, 8), (2, 6)]
(1, 4) - [(1, 3), (2, 4)]
(5, 6) - [(4, 6), (6, 6)]
(8, 1) - [(8, 2), (9, 1)]
(8, 9) - [(8, 8), (7, 9), (9, 9)]
(3, 0) - [(2, 0), (4, 0)]
(6, 4) - [(6, 3), (5, 4)]
(0, 7) - [(0, 8), (0, 6)]
(1, 6) - [(0, 6), (2, 6)]
(2, 4) - [(1, 4), (3, 4)]
0 1 1 1 1 1 0 0 0 0 
0 0 0 0 0 1 0 1 0 0 
0 0 0 1 0 1 0 0 0 0 
0 1 0 1 0 1 0 1 1 0 
0 1 0 1 0 1 0 1 0 0 
0 1 1 1 0 1 0 1 0 1 
0 1 0 0 0 1 0 1 0 1 
0 1 0 1 1 1 0 1 0 0 
1 0 0 0 0 0 0 1 0 0 
0 0 0 0 1 1 1 1 0 0 

- 1 1 1 1 1 X X X X 
- - - - - 1 X 1 X X 
0 0 0 1 - 1 - - - - 
0 1 0 1 - 1 - 1 1 - 
0 1 0 1 - 1 - 1 - - 
0 1 1 1 - 1 - 1 - 1 
0 1 - - - 1 - 1 - 1 
0 1 - 1 1 1 - 1 - - 
1 0 - - - - - 1 - - 
0 0 0 0 1 1 1 1 - - 

[(0, 0), (1, 0), (1, 1), (1, 2), (1, 3), (1, 4), (2, 4), (3, 4), (4, 4), (5, 4), (6, 4), (6, 3), (6, 2), (7, 2), (8, 2), (8, 3), (8, 4), (8, 5), (8, 6), (7, 6), (6, 6), (5, 6), (4, 6), (3, 6), (2, 6), (2, 7), (2, 8), (2, 9), (3, 9), (4, 9), (4, 8), (5, 8), (6, 8), (7, 8), (7, 9), (8, 9), (8, 8), (9, 8), (9, 9)]
